	L	F	I	M	V	W	C	Y	H	A	T	G	P	R	Q	S	N	E	D	K
L	-0.274	-0.092	-0.181	-0.116	-0.214	-0.051	-0.164	-0.142	-0.012	-0.263	0.028	0.092	0.245	-0.092	-0.077	0.02	0.139	0.016	0.169	0.043
F	-0.092	-0.26	-0.126	-0.153	-0.149	-0.151	-0.272	-0.191	-0.059	-0.109	-0.033	-0.019	0.139	0.06	0.054	-0.076	0.039	0.128	0.15	0.024
I	-0.181	-0.126	-0.333	-0.188	-0.292	0.007	-0.266	-0.172	-0.027	-0.211	-0.05	0.046	0.319	0.035	0.009	-0.025	0.043	0.049	0.123	-0.014
M	-0.116	-0.153	-0.188	-0.617	-0.206	-0.124	-0.371	-0.177	-0.079	-0.207	-0.075	-0.034	0.179	0.007	-0.041	0	0.08	0.036	0.136	0.121
V	-0.214	-0.149	-0.292	-0.206	-0.404	-0.135	-0.239	-0.153	-0.01	-0.31	-0.062	-0.036	0.197	-0.035	0.043	0.021	0.139	0.096	0.148	0.057
W	-0.051	-0.151	0.007	-0.124	-0.135	-0.416	-0.26	-0.253	-0.132	-0.056	0.017	-0.034	0.11	-0.111	-0.053	-0.004	0.028	0.058	0.167	0.017
C	-0.164	-0.272	-0.266	-0.371	-0.239	-0.26	-2.066	-0.315	-0.192	-0.187	-0.108	-0.207	0.018	0.001	-0.036	-0.191	-0.038	0.202	0.097	0.156
Y	-0.142	-0.191	-0.172	-0.177	-0.153	-0.253	-0.315	-0.238	-0.062	-0.117	-0.027	0.019	0.121	-0.06	-0.003	-0.023	-0.003	0.145	0.165	-0.013
H	-0.012	-0.059	-0.027	-0.079	-0.01	-0.132	-0.192	-0.062	-0.4	-0.032	-0.026	-0.006	0.192	0.038	0.121	0.032	0.133	0.232	0.083	0.373
A	-0.263	-0.109	-0.211	-0.207	-0.31	-0.056	-0.187	-0.117	-0.032	-0.559	-0.05	-0.105	0.139	-0.128	-0.07	-0.031	0.046	-0.012	0.073	0.075
T	0.028	-0.033	-0.05	-0.075	-0.062	0.017	-0.108	-0.027	-0.026	-0.05	-0.112	-0.027	0.227	0.131	0.032	-0.017	0.033	0.134	0.087	0.165
G	0.092	-0.019	0.046	-0.034	-0.036	-0.034	-0.207	0.019	-0.006	-0.105	-0.027	-0.138	0.067	0.084	0.134	-0.013	0.048	0.24	0.137	0.179
P	0.245	0.139	0.319	0.179	0.197	0.11	0.018	0.121	0.192	0.139	0.227	0.067	0.247	0.299	0.276	0.201	0.288	0.428	0.366	0.496
R	-0.092	0.06	0.035	0.007	-0.035	-0.111	0.001	-0.06	0.038	-0.128	0.131	0.084	0.299	0.02	0.077	0.127	0.209	-0.157	-0.038	0.35
Q	-0.077	0.054	0.009	-0.041	0.043	-0.053	-0.036	-0.003	0.121	-0.07	0.032	0.134	0.276	0.077	-0.105	0.09	0.053	0.106	0.13	0.121
S	0.02	-0.076	-0.025	0	0.021	-0.004	-0.191	-0.023	0.032	-0.031	-0.017	-0.013	0.201	0.127	0.09	-0.108	0.024	0.196	0.06	0.178
N	0.139	0.039	0.043	0.08	0.139	0.028	-0.038	-0.003	0.133	0.046	0.033	0.048	0.288	0.209	0.053	0.024	-0.205	0.245	0.036	0.117
E	0.016	0.128	0.049	0.036	0.096	0.058	0.202	0.145	0.232	-0.012	0.134	0.24	0.428	-0.157	0.106	0.196	0.245	0.181	0.396	-0.182
D	0.169	0.15	0.123	0.136	0.148	0.167	0.097	0.165	0.083	0.073	0.087	0.137	0.366	-0.038	0.13	0.06	0.036	0.396	0.301	-0.006
K	0.043	0.024	-0.014	0.121	0.057	0.017	0.156	-0.013	0.373	0.075	0.165	0.179	0.496	0.35	0.121	0.178	0.117	-0.182	-0.006	0.205
